ans =

   0.0000e+00   1.0332e+02  -1.7021e-01
   0.0000e+00  -4.0068e+02  -1.7021e-01
   0.0000e+00   3.9932e+02  -1.7021e-01
   0.0000e+00  -5.8468e+02  -1.1702e+00
   0.0000e+00   9.9932e+02   8.2979e-01
   0.0000e+00  -1.5681e+01   8.2979e-01
   0.0000e+00  -4.6668e+02  -1.7021e-01
   0.0000e+00  -5.7368e+02  -1.7021e-01
   0.0000e+00  -6.2068e+02  -1.7021e-01
   0.0000e+00  -5.0668e+02  -1.7021e-01
   0.0000e+00  -6.0681e+01   8.2979e-01
   0.0000e+00  -6.8085e-01  -1.7021e-01
   0.0000e+00  -1.1068e+02  -1.7021e-01
   0.0000e+00   2.4773e+03   1.8298e+00
   0.0000e+00  -7.3268e+02  -1.7021e-01
   0.0000e+00   2.9932e+02   8.2979e-01
   0.0000e+00  -6.8068e+02  -1.1702e+00
   0.0000e+00  -7.6468e+02  -1.7021e-01
   0.0000e+00   6.0832e+02   8.2979e-01
   0.0000e+00   1.0303e+03   8.2979e-01
   0.0000e+00  -2.3368e+02  -1.7021e-01
   0.0000e+00  -1.1268e+02  -1.1702e+00
   0.0000e+00  -3.9668e+02  -1.7021e-01
   0.0000e+00  -3.8681e+01   8.2979e-01
   0.0000e+00   1.8893e+03  -1.7021e-01
   0.0000e+00  -9.0068e+02  -1.7021e-01
   0.0000e+00  -5.4268e+02  -1.7021e-01
   0.0000e+00   5.2532e+02  -1.7021e-01
   0.0000e+00   1.9932e+02  -1.7021e-01
   0.0000e+00   6.3632e+02  -1.7021e-01
   0.0000e+00  -1.6168e+02  -1.1702e+00
   0.0000e+00  -1.0007e+03  -2.1702e+00
   0.0000e+00   3.9319e+01   8.2979e-01
   0.0000e+00   1.1363e+03  -1.7021e-01
   0.0000e+00  -1.8968e+02   8.2979e-01
   0.0000e+00  -5.6368e+02  -1.7021e-01
   0.0000e+00  -7.6168e+02  -1.7021e-01
   0.0000e+00   1.3132e+02   8.2979e-01
   0.0000e+00   2.2143e+03   8.2979e-01
   0.0000e+00   1.6132e+02   8.2979e-01
   0.0000e+00  -3.3668e+02  -1.1702e+00
   0.0000e+00   2.3732e+02  -1.7021e-01
   0.0000e+00   5.6632e+02   8.2979e-01
   0.0000e+00  -8.0068e+02  -1.7021e-01
   0.0000e+00  -1.1487e+03  -1.1702e+00
   0.0000e+00  -1.4868e+02   8.2979e-01
   0.0000e+00  -7.9768e+02  -1.7021e-01

